#OTU ID	Otu00001	Otu00002	Otu00003	Otu00004	Otu00005	Otu00006	Otu00007	Otu00008	Otu00009	Otu00010	Otu00011	Otu00012	Otu00013	Otu00014	Otu00015	Otu00016	Otu00017	Otu00018	Otu00019	Otu00020	Otu00021	Otu00022	Otu00024	Otu00025	Otu00026	Otu00027	Otu00028	Otu00031	Otu00032	Otu00033	Otu00034	Otu00035	Otu00036	Otu00037	Otu00038	Otu00039	Otu00040	Otu00041	Otu00042	Otu00043	Otu00044	Otu00045	Otu00046	Otu00047	Otu00048	Otu00049	Otu00050	Otu00052	Otu00053	Otu00054	Otu00055	Otu00056	Otu00057	Otu00058	Otu00059	Otu00061	Otu00062	Otu00063	Otu00064	Otu00065	Otu00066	Otu00067	Otu00068	Otu00069	Otu00070	Otu00072	Otu00073	Otu00074	Otu00075	Otu00077	Otu00078	Otu00079	Otu00080	Otu00081	Otu00082	Otu00083	Otu00084	Otu00085	Otu00086	Otu00087	Otu00089	Otu00090	Otu00091	Otu00092	Otu00093	Otu00094	Otu00095	Otu00096	Otu00097	Otu00098	Otu00099	Otu00100	Otu00101	Otu00102	Otu00103	Otu00104	Otu00105	Otu00106	Otu00107	Otu00108	Otu00109	Otu00110	Otu00111	Otu00112	Otu00113	Otu00114	Otu00115	Otu00116	Otu00117	Otu00118	Otu00119	Otu00120	Otu00121	Otu00122	Otu00123	Otu00124	Otu00126	Otu00127	Otu00128	Otu00130	Otu00132	Otu00133	Otu00134	Otu00135
Otu00001	29.3436	-2.5274	16.5244	11.5522	23.5836	0.9953	-0.3883	-0.4202	-0.7546	21.6538	1.5372	20.3086	20.8217	-4.6450	3.8422	-0.1293	7.7610	7.7996	-6.3514	0.1474	-5.1998	19.0609	-5.0527	8.7953	-4.2676	-1.8767	-4.8137	-3.8392	-4.4022	-4.1706	5.8616	5.2755	-4.1633	-3.9900	-4.4563	17.9338	2.6600	-4.8534	-4.7281	-3.9514	17.7465	-3.6767	-3.7278	-4.1280	-3.2250	-3.6946	-3.7386	-3.7536	-3.4069	-3.6971	-3.3921	1.3392	1.1378	-4.1500	5.4509	-3.5512	0.8906	0.8890	-3.1026	-3.4686	6.9896	-3.3446	-3.5339	-2.8710	-3.3939	-4.2460	-2.8352	-3.4568	1.2329	-3.0635	-3.5465	16.3685	1.5809	-3.1695	-3.3932	1.6427	-3.2371	-3.2615	-2.4317	-2.3448	-3.5008	-2.7230	-2.9642	-2.7969	-2.9544	-2.5946	-2.9856	1.4729	-2.3944	1.2198	1.5979	-2.8865	-3.0351	-2.8797	-2.6693	-2.4644	-2.5509	-2.4941	-2.5565	-2.3587	-3.2587	14.8801	-2.5338	-2.0002	-2.4402	-2.3155	-2.8330	15.5173	-2.7632	-2.7222	-1.8813	15.2854	-2.3874	-2.0622	-2.4097	-1.9351	-2.2857	-1.9603	-2.7479	-2.6402	-2.0637	-1.9834	-2.1456	-2.7536
Otu00002	-2.5274	26.5462	15.8659	-0.4537	-1.0060	4.5916	20.5366	20.6681	20.6868	-0.9250	9.0707	-1.8716	-1.1761	-0.8162	4.8125	18.5963	-3.5380	15.8410	-4.0171	18.0468	-5.2774	0.0108	-4.1013	1.4834	-5.1558	1.2707	-3.7746	-4.5190	-5.4385	-5.6104	3.1588	3.6128	-5.3221	-5.1765	-4.7592	-0.3391	3.0624	-4.3882	-3.4490	-4.5273	0.4176	-3.3192	-4.9395	-4.9923	-4.2347	-4.6975	-4.6090	-4.1765	-4.4643	-3.9110	-4.9380	15.7239	16.0377	-4.1153	3.5953	-4.7994	15.6651	15.7002	-4.8177	-4.2156	5.2433	-4.5697	-4.5061	-4.4631	-3.2122	-3.7530	-3.7618	-4.3070	15.9952	-4.4742	-3.7476	0.7833	15.1121	-2.9927	-2.7964	5.3506	-3.6466	-0.4155	-3.9933	10.0972	-3.4987	-3.6873	-3.8236	-3.3119	-3.6804	-4.0824	-3.3472	14.3854	-3.6339	14.7713	14.3912	-3.4754	-3.4116	-3.0397	-3.5357	-3.8999	-3.6567	-3.6782	-2.7675	-3.8145	-2.9823	1.7397	-3.2536	-3.2939	-3.3649	-3.4018	-2.2419	1.1671	-2.8358	-2.8961	-3.3227	1.8091	-3.4897	-2.9423	-2.9084	-3.4130	-3.2980	-3.5187	-3.1229	-2.4791	-2.9699	-3.0057	-2.7201	-3.0303
Otu00003	16.5244	15.8659	23.5006	4.3091	13.8677	-1.0448	14.6580	14.1240	14.2457	12.5475	3.2062	11.5250	12.5588	-7.5754	1.3581	13.2094	0.0346	16.3184	-6.6421	12.9982	-6.9275	11.6871	-6.0574	3.0230	-6.1979	-3.6386	-5.4906	-5.5439	-6.4664	-6.5601	5.4431	5.3402	-6.1666	-6.0929	-7.2399	10.9051	0.6360	-5.9869	-5.7640	-5.3698	11.0911	-4.4590	-5.7342	-5.8853	-4.9016	-5.8923	-5.4955	-5.1114	-5.1301	-5.3575	-5.4808	12.0472	11.9504	-5.1833	5.3910	-5.5715	11.3961	11.2037	-5.1569	-5.0408	4.4220	-5.4904	-5.5144	-5.3635	-4.5228	-5.4924	-4.4251	-4.8693	11.9519	-5.1040	-4.9172	10.8071	11.3940	-4.2416	-4.6161	0.9712	-4.3257	-2.3111	-4.3030	6.1991	-4.3722	-4.3678	-4.7258	-4.3638	-4.5337	-3.8943	-3.8201	11.0555	-4.0588	11.0901	11.0382	-4.3766	-4.1547	-4.1049	-4.4152	-4.1150	-4.1676	-4.4196	-4.0518	-4.3770	-4.3222	10.2002	-3.7390	-3.8836	-3.8334	-4.1706	-3.3116	10.3443	-3.6260	-3.8845	-3.8293	10.1351	-3.8575	-3.7381	-3.3610	-3.7275	-3.8366	-3.6060	-3.7084	-3.2569	-3.4201	-3.4926	-3.4329	-3.7458
Otu00004	11.5522	-0.4537	4.3091	10.0661	9.7439	9.9153	-1.5308	-1.1904	-1.1425	9.1752	7.8153	7.9725	8.9156	4.8901	10.0207	-0.9541	7.5109	1.7517	-3.1596	-1.0896	-3.0437	8.1514	-3.2684	9.8501	-3.2867	5.2272	-2.8764	-3.1936	-2.3775	-2.8553	2.7758	2.5798	-2.8964	-2.9164	-2.3038	7.3716	7.8802	-2.6855	-2.6741	-2.8091	7.5630	-2.9315	-2.9016	-2.8485	-2.7398	-2.4185	-2.7754	-2.6222	-2.5280	-2.0353	-1.8091	-0.6364	-0.2677	-2.8494	2.5723	-2.6845	-0.4082	-0.5961	-2.7340	-2.4956	9.0765	-2.3283	-2.5898	-2.3020	-2.5147	-1.9812	-2.5716	-2.3890	-0.1197	-2.1477	-2.2350	7.3532	-0.4019	-2.4663	-1.9343	7.2330	-2.2705	-2.6099	-1.7438	-2.9535	-2.3340	-2.1663	-1.8293	-2.1853	-2.2596	-1.8060	-2.4322	-0.0042	-2.0033	-0.4541	0.1837	-2.4884	-2.0403	-2.1209	-1.9856	-2.0969	-1.7760	-1.7649	-2.2677	-1.8252	-1.6693	6.5447	-1.9490	-1.8017	-1.8739	-2.1379	-2.3233	7.2006	-1.8672	-1.9912	-1.3330	8.0862	-1.9529	-1.7880	-1.8143	-1.6449	-1.7003	-1.8310	-1.8325	-1.9202	-1.7533	-1.5694	-1.7619	-2.1294
Otu00005	23.5836	-1.0060	13.8677	9.7439	20.6677	0.9790	0.0172	-0.3644	-0.4688	17.9528	1.5333	16.9808	17.1858	-3.4572	3.6929	0.2236	6.4672	6.3043	-5.6333	0.4229	-4.7635	15.8712	-4.8535	7.8430	-3.6020	-1.3637	-4.2557	-3.7205	-3.9258	-3.9921	4.9022	4.3751	-3.5753	-3.5220	-4.0100	14.9305	2.6982	-3.9528	-3.9002	-3.6170	14.8007	-3.5683	-3.4543	-3.7583	-3.1809	-3.2672	-3.7157	-3.3380	-2.9303	-3.3541	-3.1349	1.4701	1.3145	-3.6746	4.5355	-3.0114	0.6355	0.6305	-2.9897	-3.3551	6.0282	-3.0383	-3.3172	-2.9249	-3.1441	-3.6591	-2.6859	-2.8266	1.0171	-2.7510	-3.5889	13.7372	1.4246	-2.8292	-3.1219	1.6628	-2.8525	-3.2467	-2.4609	-1.9099	-3.1476	-2.7328	-2.5927	-2.6944	-2.4890	-2.4151	-2.6573	1.4849	-2.3772	1.1547	1.4596	-2.6530	-2.8371	-2.6157	-2.6760	-2.4789	-2.3025	-2.1922	-2.7095	-2.3294	-2.8182	12.3910	-2.2909	-2.1122	-2.2265	-2.2445	-2.5895	12.9786	-2.4308	-2.4641	-1.6630	12.9455	-2.2436	-1.9053	-2.1520	-1.7587	-2.0987	-1.7878	-2.5351	-2.3062	-2.0116	-1.9897	-2.0882	-2.7176
Otu00006	0.9953	4.5916	-1.0448	9.9153	0.9790	19.5112	1.3476	1.2186	1.3645	1.3890	15.1436	-0.0366	1.0289	12.3126	16.1882	1.9126	7.4765	0.4120	-1.6024	1.1939	-2.5428	1.6484	-3.1527	11.7482	-3.5310	11.2614	-2.5895	-3.1401	-1.3675	-2.0767	1.9311	1.9798	-2.5308	-3.2794	-1.2959	1.3467	13.0052	-2.2539	-1.7669	-2.3266	1.4350	-2.8692	-2.9203	-2.3319	-2.7410	-2.4028	-2.2855	-2.5855	-2.8147	-1.4302	-1.7140	0.7895	1.2117	-3.0311	1.6275	-2.5914	1.3484	1.5288	-3.2549	-2.5423	12.4505	-2.4112	-2.4753	-2.0106	-2.1809	-1.2892	-3.0165	-2.5561	1.9801	-2.0581	-1.4452	2.2258	1.2640	-2.6521	-1.6058	12.9483	-2.0382	-1.9069	-1.6422	-1.6555	-1.9043	-2.2983	-1.3896	-2.1046	-2.5406	-2.3000	-2.4691	1.0496	-1.8098	1.5369	1.5692	-2.1786	-1.5347	-1.8092	-1.7445	-2.2940	-1.9050	-1.5358	-1.6808	-1.6004	-1.2832	1.8701	-1.9302	-1.7634	-1.7703	-1.8242	-2.0741	2.3676	-1.6101	-1.8410	-1.4642	4.1947	-2.1199	-1.6906	-1.9389	-1.5083	-1.7383	-1.8145	-2.2129	-1.9292	-1.7406	-0.9599	-1.7494	-2.0104
Otu00007	-0.3883	20.5366	14.6580	-1.5308	0.0172	1.3476	18.1599	16.9974	17.0014	0.1235	5.5528	-0.3499	0.8116	-3.3033	1.8594	15.2909	-3.9431	13.8568	-3.3468	14.8986	-4.0329	0.8498	-3.4663	-0.0631	-3.9393	-0.6364	-3.3396	-3.4008	-4.3010	-4.3817	2.7105	3.0274	-4.4201	-4.3709	-4.3694	0.9719	0.8783	-3.7051	-3.0648	-3.4403	0.8563	-2.7180	-3.8836	-3.9497	-3.1534	-3.9763	-3.6554	-3.3128	-3.5513	-3.2103	-4.1128	13.2241	13.2991	-3.5141	2.9274	-3.7948	12.9806	13.0519	-3.5461	-3.3842	2.4921	-3.7594	-3.7815	-3.8859	-2.5796	-3.2925	-2.8870	-3.5343	13.2386	-3.7296	-3.0473	1.5644	12.5972	-2.5310	-2.6716	2.7852	-2.6950	-0.2975	-3.2983	8.6566	-2.6630	-2.8756	-3.0635	-2.7693	-3.2010	-3.2626	-2.7885	11.8692	-2.8584	12.1628	11.9859	-2.7470	-2.5625	-2.4684	-3.1952	-3.3018	-3.1645	-2.9047	-2.1177	-3.1167	-2.5372	2.0789	-2.5481	-2.8442	-2.5871	-3.1791	-1.9668	1.3585	-2.6131	-2.3057	-2.8686	1.5083	-2.9474	-2.4233	-2.4371	-2.6537	-2.4758	-2.5362	-2.4059	-2.1063	-2.6965	-2.4307	-2.5088	-2.4909
Otu00008	-0.4202	20.6681	14.1240	-1.1904	-0.3644	1.2186	16.9974	17.8603	17.0398	-0.0235	5.4051	-0.4805	0.4098	-2.6068	1.5884	15.2340	-3.7306	13.4138	-3.0958	15.0196	-4.0956	0.6195	-3.3015	-0.4621	-4.0036	-0.6364	-3.0016	-3.3740	-4.4142	-4.4055	2.6150	2.9482	-4.0991	-4.0978	-4.1685	0.3034	0.7906	-3.7665	-2.7654	-3.6283	0.6758	-2.7153	-4.0089	-3.9368	-3.2175	-3.6549	-3.4832	-3.4416	-3.5918	-2.9507	-3.9374	13.1612	13.0900	-3.1385	2.9555	-3.7313	13.0028	12.8272	-3.4256	-3.4743	2.7518	-3.6244	-3.4833	-3.5826	-2.3849	-3.0132	-2.7524	-3.3845	13.0838	-3.5331	-3.0294	1.4106	12.4736	-2.3831	-2.3689	2.6864	-2.8103	-0.2183	-3.1652	8.6851	-2.7491	-2.7066	-3.1484	-2.7764	-3.0379	-3.0665	-2.5356	11.8853	-2.9076	12.0206	11.9812	-2.6565	-2.7256	-2.2249	-2.7225	-2.8638	-2.9419	-2.9019	-2.2294	-3.2100	-2.2507	1.4963	-2.4113	-2.5618	-2.7320	-2.7450	-1.7685	1.3357	-2.5049	-2.3713	-2.5155	1.2085	-2.9614	-2.3336	-2.3635	-2.8431	-2.6728	-2.5035	-2.3797	-2.0170	-2.4172	-2.3312	-2.0080	-2.1888
Otu00009	-0.7546	20.6868	14.2457	-1.1425	-0.4688	1.3645	17.0014	17.0398	18.0533	0.0296	5.8249	-0.4285	0.3665	-3.0286	1.8447	15.2580	-3.8057	13.5600	-3.3718	15.0915	-4.3375	0.4514	-3.3933	-0.1799	-3.9420	-0.3049	-3.1442	-3.3639	-4.3926	-4.5166	2.5960	3.0119	-4.1768	-4.0965	-4.3007	0.5384	0.8081	-3.6585	-2.9720	-3.8060	0.5508	-2.4303	-3.8561	-3.5842	-3.0653	-3.8540	-3.5643	-3.3477	-3.4521	-3.1490	-3.9695	13.0642	13.2260	-3.2751	3.0463	-3.8000	12.8703	12.9907	-3.5539	-3.6678	2.8805	-3.6679	-3.4077	-3.7256	-2.6071	-3.1347	-2.9352	-3.3012	13.0366	-3.5991	-3.2198	1.2472	12.5079	-2.3491	-2.5869	2.7030	-2.9733	-0.3572	-3.1211	8.6369	-2.6611	-2.8441	-3.1854	-2.6954	-2.9630	-3.1317	-2.5701	11.7853	-2.9266	12.0361	12.0015	-2.7873	-2.6702	-2.3643	-3.1963	-3.1349	-3.0815	-3.1231	-1.9535	-3.0476	-2.3023	1.5513	-2.3872	-2.8212	-2.7300	-2.9551	-1.8486	1.0544	-2.3080	-2.1109	-2.6471	1.2088	-2.7915	-2.3861	-2.4057	-2.7374	-2.7546	-2.3479	-2.4566	-2.1141	-2.3574	-2.4763	-2.2885	-2.4472
Otu00010	21.6538	-0.9250	12.5475	9.1752	17.9528	1.3890	0.1235	-0.0235	0.0296	17.5869	1.4787	15.5828	15.8301	-3.3299	3.6182	0.3641	5.8962	5.9344	-5.1804	0.2520	-4.2357	14.6532	-4.2875	6.9711	-3.3782	-1.5357	-3.9559	-3.4872	-3.3764	-3.8866	4.4947	4.0363	-3.2304	-3.2367	-3.4840	13.5905	2.7071	-3.7475	-3.7167	-3.2234	13.5061	-3.3087	-3.3926	-3.3153	-2.9834	-3.0073	-3.2935	-3.2786	-2.9123	-2.8068	-2.8311	0.8423	1.1506	-3.4128	4.1586	-3.0212	1.0300	0.7573	-2.6253	-2.9439	5.5236	-2.9519	-3.0729	-2.7480	-2.7207	-3.6563	-2.5390	-2.8379	1.2253	-2.6203	-2.8884	12.6381	1.1321	-2.5701	-2.8483	1.3998	-2.5836	-2.6776	-1.9842	-1.6259	-2.8035	-2.4958	-2.3296	-2.3991	-2.4535	-2.2060	-2.2376	1.5943	-2.1157	1.0322	1.4354	-2.3594	-2.3272	-2.5226	-2.3330	-2.1667	-1.9191	-1.9636	-2.5050	-1.9788	-2.6577	11.5895	-2.0386	-1.8316	-2.3025	-2.0062	-2.4342	12.0151	-2.2270	-2.3399	-1.6493	11.7992	-2.2235	-2.0177	-1.8539	-1.7244	-2.0118	-1.5279	-2.4075	-1.8897	-1.8211	-1.8976	-1.8128	-2.3897
Otu00011	1.5372	9.0707	3.2062	7.8153	1.5333	15.1436	5.5528	5.4051	5.8249	1.4787	15.4596	0.3683	1.5928	9.1644	13.6173	5.0487	5.2309	4.2357	-2.6543	4.6486	-3.6731	1.9638	-3.5306	9.9233	-4.2038	8.5442	-3.4061	-3.4004	-2.5611	-2.9926	2.6008	2.7357	-3.5609	-3.9178	-2.2917	1.5047	10.9293	-3.1537	-2.1426	-3.0191	1.9858	-3.0708	-3.3262	-3.3621	-3.5264	-2.9527	-3.2662	-2.8451	-3.5394	-2.1645	-2.7482	4.0134	4.1955	-3.3105	2.3981	-3.2358	4.2154	4.4703	-3.7116	-2.8290	10.9222	-3.2793	-3.0792	-2.6809	-2.3393	-1.8651	-3.2641	-3.0933	4.4378	-2.9728	-2.1421	2.1975	4.0511	-2.9870	-2.0774	11.0492	-2.7424	-1.4558	-2.2366	0.6977	-2.5913	-2.8626	-2.0365	-2.6964	-3.0665	-2.8487	-3.0331	4.0911	-2.3792	3.9465	4.3474	-2.7375	-2.1602	-2.4607	-2.3014	-3.0936	-2.3937	-2.2259	-2.0563	-2.3699	-2.1048	2.2459	-2.4320	-2.4053	-2.5480	-2.3823	-2.6037	2.5984	-2.2415	-2.3300	-2.0519	3.9249	-2.6764	-1.9602	-2.6629	-1.9794	-2.1748	-2.5075	-2.1869	-2.1014	-2.2916	-1.8287	-2.1916	-2.3244
Otu00012	20.3086	-1.8716	11.5250	7.9725	16.9808	-0.0366	-0.3499	-0.4805	-0.4285	15.5828	0.3683	15.5699	14.7012	-3.9872	2.5334	0.0036	5.3178	5.3132	-4.7247	-0.0077	-4.0148	13.7115	-4.0093	6.0928	-3.0217	-1.6111	-3.6956	-3.0681	-2.9954	-3.2570	4.1180	3.5704	-2.9451	-2.7554	-3.4839	12.6975	1.9978	-3.2439	-3.3981	-2.9415	12.5103	-2.9349	-2.6814	-2.9955	-2.6826	-2.9892	-2.8419	-2.7917	-2.6821	-2.8444	-2.5566	0.5528	0.6247	-2.9441	3.7614	-2.7449	0.2476	0.4294	-2.2655	-2.4710	4.6851	-2.4988	-2.7083	-2.5952	-2.4352	-3.1581	-2.1682	-2.5545	0.5448	-2.3045	-2.5114	11.7599	0.8776	-2.2914	-2.4926	0.7960	-2.3445	-2.6674	-1.7140	-1.5731	-2.3522	-2.1843	-2.1671	-1.9595	-2.5224	-1.9275	-1.9797	0.7828	-2.0584	0.9111	1.0322	-2.1410	-2.1869	-2.2197	-2.0192	-1.7944	-2.0204	-1.9309	-2.0659	-1.8931	-2.4989	10.6834	-1.6961	-1.5118	-1.6359	-1.7451	-2.3231	11.0427	-1.7943	-1.8868	-1.5621	10.9587	-1.8834	-1.4757	-1.8174	-1.6631	-1.8723	-1.4274	-1.6956	-1.6995	-1.6869	-1.5285	-1.6792	-2.0743
Otu00013	20.8217	-1.1761	12.5588	8.9156	17.1858	1.0289	0.8116	0.4098	0.3665	15.8301	1.5928	14.7012	16.2038	-3.1250	3.5071	0.7493	5.7177	5.8835	-5.1640	-0.0534	-4.2844	13.9374	-4.1323	6.7885	-3.5430	-1.3129	-3.8794	-3.2480	-3.2835	-3.3935	4.3054	3.8860	-3.3114	-3.1282	-3.6032	13.0030	2.4787	-3.6720	-3.6792	-3.3385	13.0601	-3.1984	-3.1342	-3.3676	-2.9709	-3.0111	-3.3620	-3.0759	-2.9492	-2.7645	-3.0215	1.2793	1.0718	-3.4498	4.0014	-2.9718	0.9714	0.8366	-2.8446	-2.8086	5.6433	-3.1010	-2.6836	-2.9415	-2.8012	-3.3872	-2.4917	-2.9045	1.3078	-2.6059	-2.9517	12.0990	1.3764	-2.7045	-2.7544	1.2035	-2.6470	-2.6523	-2.1337	-1.1943	-2.8848	-2.5124	-2.3775	-2.3638	-2.4406	-2.2188	-2.3269	1.7620	-2.3065	1.4703	1.5860	-2.4453	-2.4331	-2.3652	-2.2824	-2.1495	-1.8719	-2.1927	-2.2924	-2.2472	-2.6602	10.9156	-2.2085	-1.8969	-1.9534	-2.0710	-2.3213	11.3232	-2.2388	-2.2120	-1.7798	11.4417	-2.0330	-1.8442	-2.1086	-1.8593	-2.1742	-1.6850	-2.3666	-1.8640	-1.8334	-1.8854	-1.8467	-2.2096
Otu00014	-4.6450	-0.8162	-7.5754	4.8901	-3.4572	12.3126	-3.3033	-2.6068	-3.0286	-3.3299	9.1644	-3.9872	-3.1250	11.0228	10.1796	-2.1717	4.6773	-4.4200	1.0387	-2.5561	0.6475	-2.8944	-0.1156	6.8936	-0.0064	8.5412	0.2173	-0.2204	0.8882	0.5787	-0.4986	-0.2958	0.0687	-0.4077	1.3919	-2.9177	8.4174	0.5216	0.6252	0.1164	-2.2213	-0.6113	-0.1868	0.0994	-0.2522	0.1912	0.0263	-0.1471	0.0466	0.9280	0.6108	-2.6549	-2.3394	-0.2964	-0.5413	-0.0839	-2.2029	-2.0701	-0.2140	-0.0889	6.7862	0.1703	0.1467	0.4447	-0.0742	0.8593	-0.7771	-0.1321	-2.2617	0.3217	0.4420	-1.9337	-2.2300	-0.1469	0.3450	8.2846	0.1311	-0.4742	0.1213	-2.8205	-0.0254	-0.0324	0.6720	-0.0933	-0.0379	-0.3168	-0.3833	-2.1541	0.3349	-2.2356	-2.1846	-0.1333	0.3184	-0.1368	0.2005	-0.0653	0.0409	0.3597	-0.0002	0.4106	0.5708	-1.9976	-0.0838	0.2525	-0.1037	-0.0322	-0.5366	-1.6485	0.2933	0.0453	0.3279	-0.5448	-0.1813	0.0860	-0.5502	-0.0170	0.0074	-0.2204	-0.0130	-0.1702	0.0847	0.6983	-0.0302	-0.1111
Otu00015	3.8422	4.8125	1.3581	10.0207	3.6929	16.1882	1.8594	1.5884	1.8447	3.6182	13.6173	2.5334	3.5071	10.1796	16.0405	1.8307	7.4917	1.3269	-2.4523	1.1403	-3.1009	3.5283	-3.4055	11.7455	-3.4538	9.7924	-2.9141	-3.4993	-2.0347	-2.6259	2.1708	2.2423	-3.3467	-3.2567	-1.8069	2.8490	12.0575	-2.9148	-1.9972	-2.8604	3.2211	-3.1935	-3.1180	-3.1854	-3.1701	-2.7172	-2.8427	-3.0747	-3.2424	-1.5169	-1.9583	1.4311	1.4911	-3.1856	2.0463	-3.1826	1.5024	1.6383	-3.1067	-2.4567	12.0213	-2.7886	-2.9495	-2.2129	-2.6015	-1.6622	-2.7155	-2.6566	1.8294	-2.3904	-2.0190	3.5532	1.6666	-2.7201	-1.7414	11.8064	-2.4948	-2.2653	-2.1793	-1.6880	-2.4081	-2.4683	-1.5542	-2.3862	-2.6705	-2.5627	-2.5948	1.6393	-2.0415	1.4620	2.1195	-2.5195	-1.7588	-2.1315	-1.8836	-2.5148	-1.9115	-1.7733	-2.1612	-2.1149	-1.5377	3.5813	-2.0513	-1.9041	-1.8887	-2.2001	-2.4526	3.8311	-1.7961	-2.0779	-1.6872	5.5088	-2.2857	-1.8813	-2.2017	-1.8995	-2.0471	-1.9742	-2.2054	-2.0604	-1.6039	-1.6872	-1.9560	-2.2073
Otu00016	-0.1293	18.5963	13.2094	-0.9541	0.2236	1.9126	15.2909	15.2340	15.2580	0.3641	5.0487	0.0036	0.7493	-2.1717	1.8307	14.7547	-3.1768	12.3443	-2.9509	13.5456	-3.8491	0.8616	-3.3784	0.0875	-3.8675	-0.5492	-3.0158	-3.2168	-3.9960	-4.1938	2.4821	2.7608	-4.0265	-3.7783	-4.2083	0.5340	1.1250	-3.4903	-3.0150	-3.4483	1.1433	-2.5311	-3.6118	-3.7802	-3.2444	-3.6589	-3.3879	-3.1961	-3.4535	-2.9286	-3.8328	11.7554	11.8339	-3.2210	2.7524	-3.3595	11.7367	11.4964	-3.4254	-3.1924	2.8184	-3.2841	-3.4099	-3.4833	-2.4492	-3.1140	-2.7862	-3.1296	11.7224	-3.1294	-2.8910	1.2836	11.1924	-2.5468	-2.4184	2.6342	-2.6558	-0.2997	-2.8865	7.7114	-2.6832	-2.8691	-2.7075	-2.7031	-2.9493	-3.1274	-2.5060	10.5585	-2.6369	10.8829	10.8392	-2.4093	-2.7240	-2.4002	-2.6889	-3.0810	-2.9447	-2.9079	-2.0144	-2.9855	-2.5642	1.8489	-2.2854	-2.5451	-2.5041	-2.7364	-1.9379	1.5533	-2.2613	-2.1847	-2.4613	2.0608	-2.5743	-2.0317	-2.2566	-2.5690	-2.3667	-2.2867	-2.2516	-1.9636	-2.4392	-2.1627	-2.0249	-2.2550
Otu00017	7.7610	-3.5380	0.0346	7.5109	6.4672	7.4765	-3.9431	-3.7306	-3.8057	5.8962	5.2309	5.3178	5.7177	4.6773	7.4917	-3.1768	6.2625	-1.3286	-1.5538	-3.1239	-1.5259	5.2941	-1.5785	7.3706	-1.3671	4.3868	-1.5401	-1.6833	-0.7488	-1.1404	1.4326	1.2800	-1.3777	-1.3748	-0.7072	4.8666	5.9021	-1.1703	-1.3067	-1.3097	4.8694	-1.6386	-1.3758	-1.2939	-1.3838	-1.0521	-1.2274	-1.1797	-1.1602	-0.7560	-0.6332	-2.6110	-2.6779	-1.3954	1.1933	-1.1564	-2.5336	-2.5067	-1.2692	-1.1591	6.4590	-0.9813	-1.1593	-0.9273	-1.3477	-0.7386	-1.4474	-1.1043	-2.6138	-0.8771	-1.0003	4.6586	-2.3145	-1.2447	-0.9669	5.2002	-1.1137	-1.8105	-0.7880	-3.6495	-1.1500	-1.0187	-0.7584	-1.0306	-1.1282	-0.7814	-1.2518	-2.1435	-0.8513	-2.5704	-1.9615	-1.1659	-0.8341	-1.1459	-0.8767	-1.0468	-0.8615	-0.7017	-1.2568	-0.6804	-0.8836	3.9155	-0.9455	-0.7967	-0.7012	-0.9771	-1.1830	4.5965	-0.8351	-0.9855	-0.5048	5.1100	-1.0059	-0.9127	-0.8638	-0.7127	-0.7189	-0.8288	-0.8585	-0.9619	-0.7576	-0.7212	-0.8680	-1.1146
Otu00018	7.7996	15.8410	16.3184	1.7517	6.3043	0.4120	13.8568	13.4138	13.5600	5.9344	4.2357	5.3132	5.8835	-4.4200	1.3269	12.3443	-1.3286	13.7753	-4.6486	12.1095	-4.9935	5.9770	-4.2765	1.5942	-4.8739	-1.8890	-3.9538	-4.1533	-4.9486	-4.9323	3.5451	3.6057	-4.9157	-4.7122	-5.3351	5.2390	0.6421	-4.4657	-4.0750	-4.0350	5.5790	-3.2460	-4.5475	-4.3460	-3.7561	-4.4855	-4.2351	-4.0025	-3.9908	-3.7673	-4.4349	10.7893	10.8469	-3.9332	3.7026	-4.4050	10.4892	10.5829	-4.1248	-3.8807	3.6853	-3.9340	-4.2479	-4.0247	-3.2723	-4.1762	-3.4325	-3.6622	10.7799	-3.9496	-3.8328	5.7052	10.2360	-3.1307	-3.3279	1.8318	-3.4710	-1.3244	-3.4074	6.2029	-3.3125	-3.4673	-3.6381	-3.1224	-3.7004	-3.4078	-3.1188	9.8514	-3.0113	10.0397	9.8212	-3.2249	-3.1498	-2.9953	-3.5837	-3.6856	-3.5369	-3.2498	-2.7781	-3.4421	-2.9914	5.6708	-3.0233	-2.9754	-3.2401	-3.2950	-2.4491	5.4772	-2.9746	-2.8263	-3.0208	5.2564	-3.1490	-2.9572	-2.4553	-3.0446	-2.9947	-2.9620	-2.8242	-2.6328	-2.6805	-2.8382	-2.6145	-2.9809
Otu00019	-6.3514	-4.0171	-6.6421	-3.1596	-5.6333	-1.6024	-3.3468	-3.0958	-3.3718	-5.1804	-2.6543	-4.7247	-5.1640	1.0387	-2.4523	-2.9509	-1.5538	-4.6486	3.4850	-3.0398	2.9190	-4.6942	2.3807	-2.9422	2.3474	-0.1229	2.4627	2.3171	2.4350	2.5332	-2.0705	-2.0145	2.3765	2.3187	2.1144	-4.5376	-1.8977	2.3438	1.8140	2.0236	-4.5890	2.0263	2.1851	2.3009	2.0051	1.9572	2.0122	2.1853	2.0103	1.7869	1.9908	-2.9639	-3.0458	2.1264	-2.0471	2.0360	-2.7304	-2.8286	1.9940	1.9251	-3.0214	1.9365	2.1119	1.9321	1.7418	2.1053	1.8603	1.8942	-3.2443	1.9762	1.8966	-4.2943	-2.8601	1.7925	1.4676	-1.8939	1.7741	1.3308	1.6572	-1.1225	1.6710	1.6201	1.7752	1.5922	1.9072	1.5693	1.6148	-2.8035	1.4611	-2.9439	-3.0217	1.5841	1.6719	1.4552	1.6852	1.6406	1.6357	1.5000	1.4767	1.5714	1.6342	-4.0183	1.5163	1.4668	1.5704	1.4473	1.5246	-4.1664	1.4554	1.5337	1.3453	-4.4065	1.6416	1.4928	1.4830	1.3996	1.4275	1.4259	1.2704	1.4128	1.2960	1.3459	1.4099	1.4577
Otu00020	0.1474	18.0468	12.9982	-1.0896	0.4229	1.1939	14.8986	15.0196	15.0915	0.2520	4.6486	-0.0077	-0.0534	-2.5561	1.1403	13.5456	-3.1239	12.1095	-3.0398	14.0230	-3.9042	0.8494	-3.0609	-0.2452	-3.7505	-0.8277	-2.9449	-3.0410	-3.8532	-3.9373	2.3979	2.6449	-4.0553	-3.8496	-4.1199	0.4544	0.6816	-3.5042	-2.7818	-3.1145	1.2078	-2.1617	-3.5372	-3.3604	-3.1533	-3.3532	-3.2397	-3.1952	-3.5852	-2.8788	-3.5902	11.5266	11.5837	-3.1019	2.6955	-3.3268	11.3416	11.3514	-3.1745	-2.9384	2.2149	-3.3213	-3.4764	-3.4622	-2.3448	-2.7951	-2.7408	-2.8395	11.4042	-3.2539	-2.8462	1.3736	11.0090	-2.2935	-2.4206	2.3703	-2.4483	-0.2781	-2.7299	7.4646	-2.6026	-2.6566	-2.9126	-2.3765	-2.7648	-2.8991	-2.4473	10.5312	-2.6456	10.4512	10.5555	-2.2699	-2.4812	-2.0723	-2.7839	-2.7652	-2.8523	-2.7112	-1.9145	-2.8220	-2.1829	1.4871	-2.4369	-2.5197	-2.4522	-2.5676	-1.4373	1.3856	-2.1386	-2.0855	-2.2772	1.7235	-2.7937	-2.0539	-2.1752	-2.3543	-2.3774	-2.2966	-2.0369	-1.8681	-2.0757	-2.2719	-2.0570	-2.0453
Otu00021	-5.1998	-5.2774	-6.9275	-3.0437	-4.7635	-2.5428	-4.0329	-4.0956	-4.3375	-4.2357	-3.6731	-4.0148	-4.2844	0.6475	-3.1009	-3.8491	-1.5259	-4.9935	2.9190	-3.9042	3.7975	-4.0804	2.7246	-3.2696	2.6302	-0.7975	2.3840	2.4184	2.5268	2.7206	-2.1098	-2.1513	2.5238	2.5182	2.4634	-3.7187	-2.4731	2.4885	2.0296	2.4382	-3.8849	2.1860	2.3620	2.4970	2.2553	2.3120	2.3197	2.1994	2.2841	2.0624	2.1575	-3.7502	-3.5391	2.2463	-2.1338	2.2221	-3.6086	-3.6118	2.2478	2.1134	-3.4314	2.3158	2.2293	1.9920	1.8122	1.9215	2.0588	2.1046	-3.8389	2.1376	2.0357	-3.9075	-3.5393	1.9858	1.8550	-2.4332	1.9437	1.2012	1.8122	-1.5553	1.8721	1.7620	1.8928	1.7904	1.9646	1.7949	1.8561	-3.4937	1.6676	-3.5415	-3.8184	1.7326	1.8242	1.7305	1.7161	1.9320	1.8039	1.6487	1.4738	1.6761	1.5725	-3.7072	1.5892	1.5253	1.6280	1.7335	1.5305	-3.7476	1.6533	1.5247	1.5567	-4.2275	1.6791	1.5136	1.5193	1.4658	1.5810	1.5600	1.5640	1.3443	1.5548	1.5358	1.4705	1.6740
Otu00022	19.0609	0.0108	11.6871	8.1514	15.8712	1.6484	0.8498	0.6195	0.4514	14.6532	1.9638	13.7115	13.9374	-2.8944	3.5283	0.8616	5.2941	5.9770	-4.6942	0.8494	-4.0804	13.9177	-3.9846	6.5557	-3.2332	-0.9583	-3.7881	-3.5790	-3.4093	-3.8428	3.9665	3.5986	-3.2684	-3.2078	-3.6860	11.9530	2.8553	-3.5374	-3.5086	-2.9613	11.9476	-3.0445	-2.9447	-3.2285	-2.8699	-3.0903	-3.0957	-3.1968	-3.0380	-2.8237	-2.8572	1.4531	1.2918	-3.2038	3.7320	-2.9639	1.2509	0.9915	-2.6800	-2.8574	5.2613	-3.0008	-3.0831	-2.8515	-2.8335	-3.3731	-2.4943	-2.7890	1.4928	-2.7549	-3.0280	11.3108	1.2724	-2.7280	-2.5887	1.8405	-2.4445	-2.5309	-2.1016	-1.1031	-2.5834	-2.2722	-2.3469	-2.3400	-2.4474	-2.0056	-2.3623	1.6561	-2.1907	1.6484	1.5606	-2.4947	-2.3699	-2.4103	-2.4750	-2.2282	-2.1624	-2.0198	-2.0582	-2.1555	-2.5454	10.1941	-2.1646	-1.9865	-2.1032	-2.1028	-2.3299	10.4613	-2.2128	-2.2596	-1.6924	10.6011	-2.1213	-2.0291	-2.0939	-1.8493	-2.0806	-1.8324	-2.4260	-1.9023	-2.0430	-1.6414	-1.9907	-2.3116
Otu00024	-5.0527	-4.1013	-6.0574	-3.2684	-4.8535	-3.1527	-3.4663	-3.3015	-3.3933	-4.2875	-3.5306	-4.0093	-4.1323	-0.1156	-3.4055	-3.3784	-1.5785	-4.2765	2.3807	-3.0609	2.7246	-3.9846	3.5233	-3.4430	2.4476	-1.0885	2.2207	2.1426	2.1863	2.3085	-2.1082	-2.0420	2.5276	2.3511	2.1603	-3.6282	-2.6405	2.0693	1.9400	2.2091	-3.8329	2.1697	2.1320	2.2626	1.9186	2.1680	2.0973	1.9589	2.1121	1.8684	1.9132	-3.1438	-2.8388	2.2496	-2.0003	2.0626	-2.6029	-2.8373	2.0713	1.9960	-3.4067	2.1154	2.0363	2.0089	1.7411	1.9022	1.8406	1.9518	-3.1215	1.6524	1.8300	-3.8436	-3.0139	1.7523	1.7187	-2.4634	1.6541	1.1232	1.5886	-1.0730	1.6665	1.6601	1.4886	1.5246	1.8228	1.7195	1.7135	-2.7040	1.4934	-2.7575	-2.9799	1.6428	1.6067	1.4563	1.5442	1.6023	1.5222	1.5081	1.4951	1.5794	1.5236	-3.8131	1.5204	1.5974	1.5501	1.5806	1.5105	-3.8001	1.4677	1.3884	1.4409	-3.9263	1.4753	1.2919	1.5533	1.4997	1.2783	1.4691	1.4391	1.3750	1.4040	1.3669	1.4066	1.4329
Otu00025	8.7953	1.4834	3.0230	9.8501	7.8430	11.7482	-0.0631	-0.4621	-0.1799	6.9711	9.9233	6.0928	6.7885	6.8936	11.7455	0.0875	7.3706	1.5942	-2.9422	-0.2452	-3.2696	6.5557	-3.4430	11.1899	-3.2453	6.8709	-3.0935	-3.2450	-2.3014	-2.6701	2.6072	2.5304	-3.1162	-3.0904	-2.1267	6.0858	9.3876	-2.5427	-2.3440	-2.8421	6.2053	-3.0994	-2.7538	-2.7082	-2.7403	-2.4808	-2.9500	-2.8033	-2.8458	-2.0086	-2.0141	0.1468	0.2833	-3.0657	2.4809	-2.7813	0.2270	0.3440	-2.8353	-2.3900	9.8455	-2.6553	-2.7251	-2.3681	-2.4453	-1.7643	-2.7878	-2.5289	0.6203	-2.2060	-2.1049	6.0502	0.2664	-2.6014	-1.9837	8.8034	-2.2467	-2.4202	-1.8879	-2.5023	-2.3862	-2.1104	-1.6714	-2.1860	-2.3543	-2.2038	-2.6476	0.4064	-1.9138	0.1401	0.6803	-2.2070	-2.0859	-2.1085	-2.1675	-2.1457	-1.8865	-1.5674	-2.1700	-1.8371	-1.7452	5.4842	-1.9933	-1.8786	-1.9378	-1.9767	-2.4690	6.0012	-1.8020	-2.0603	-1.6167	7.2294	-2.0863	-1.8872	-2.0371	-1.5905	-1.7547	-2.0232	-1.9352	-1.8643	-1.8698	-1.5851	-1.9057	-2.2506
Otu00026	-4.2676	-5.1558	-6.1979	-3.2867	-3.6020	-3.5310	-3.9393	-4.0036	-3.9420	-3.3782	-4.2038	-3.0217	-3.5430	-0.0064	-3.4538	-3.8675	-1.3671	-4.8739	2.3474	-3.7505	2.6302	-3.2332	2.4476	-3.2453	3.4875	-1.1936	2.2802	2.3462	2.2314	2.5228	-1.8772	-1.8971	2.4479	2.5261	2.3809	-3.0386	-2.5873	2.2623	2.1299	2.3283	-3.2210	1.9244	2.3600	2.2652	2.2067	2.1707	2.2276	2.2394	2.0366	1.8433	2.1066	-3.5439	-3.5262	2.1471	-1.8804	2.2005	-3.5896	-3.4537	2.1458	1.9653	-4.0337	2.0219	2.0785	2.0582	1.8292	1.6712	1.8733	2.0162	-3.5967	2.0566	1.7920	-3.1949	-3.5120	1.6935	1.7153	-3.0276	1.6979	1.1732	1.7838	-1.2817	1.8233	1.8062	1.7127	1.6807	1.8470	1.7055	1.8034	-3.2995	1.6887	-3.3543	-3.3986	1.7329	1.6496	1.7055	1.7039	1.7319	1.6149	1.5725	1.4972	1.7871	1.5870	-3.0884	1.5812	1.5891	1.5888	1.6839	1.5048	-2.9980	1.5575	1.5154	1.4961	-3.4905	1.6295	1.4553	1.4493	1.4552	1.4749	1.4480	1.5055	1.3584	1.3909	1.3773	1.3540	1.4558
Otu00027	-1.8767	1.2707	-3.6386	5.2272	-1.3637	11.2614	-0.6364	-0.6364	-0.3049	-1.5357	8.5442	-1.6111	-1.3129	8.5412	9.7924	-0.5492	4.3868	-1.8890	-0.1229	-0.8277	-0.7975	-0.9583	-1.0885	6.8709	-1.1936	8.1854	-0.6755	-1.0528	-0.1836	-0.3517	0.2533	0.4136	-0.9682	-1.0404	-0.0448	-0.9456	7.8820	-0.4636	-0.3375	-1.0148	-0.8396	-1.1218	-1.0408	-0.8235	-1.0309	-0.6063	-0.7305	-0.9431	-0.8335	-0.2326	-0.0450	-0.6462	-0.2503	-0.8777	0.1292	-0.8432	-0.5196	-0.3771	-1.1401	-0.8242	6.8675	-0.7828	-0.7821	-0.3879	-1.0667	0.3199	-1.1816	-0.8441	-0.3412	-0.5690	-0.3658	-0.2650	-0.5015	-1.0068	-0.3664	7.7198	-0.6166	-0.7607	-0.5511	-1.5840	-0.6024	-0.5206	-0.1039	-0.5640	-0.8995	-0.8824	-0.8233	-0.4834	-0.4526	-0.4779	-0.5342	-0.7057	-0.4366	-0.3897	-0.3718	-0.6380	-0.5889	-0.3243	-0.5706	-0.4014	-0.1073	-0.1089	-0.5797	-0.6512	-0.6865	-0.5325	-0.8043	-0.0839	-0.3428	-0.8494	-0.4431	0.9099	-0.7737	-0.3728	-0.8018	-0.4285	-0.4883	-0.6305	-0.6881	-0.6438	-0.4052	-0.2004	-0.5635	-0.4723
Otu00028	-4.8137	-3.7746	-5.4906	-2.8764	-4.2557	-2.5895	-3.3396	-3.0016	-3.1442	-3.9559	-3.4061	-3.6956	-3.8794	0.2173	-2.9141	-3.0158	-1.5401	-3.9538	2.4627	-2.9449	2.3840	-3.7881	2.2207	-3.0935	2.2802	-0.6755	3.0255	1.9711	2.0635	2.1982	-1.9074	-1.8703	2.1194	2.2049	2.0867	-3.3395	-2.3121	2.0683	1.6639	1.9452	-3.6672	1.8408	1.9897	1.9701	1.9262	1.8817	1.9150	1.8958	1.8354	1.5948	1.9817	-2.7811	-2.6625	1.9652	-1.8773	2.0828	-2.5746	-2.4155	1.8904	1.8187	-3.1838	1.9377	1.8132	1.8074	1.7026	1.8070	1.6721	1.8106	-2.9752	1.7589	1.6785	-3.7085	-2.7623	1.5320	1.3362	-2.1997	1.5924	0.9677	1.4734	-1.1028	1.6654	1.5826	1.4900	1.5103	1.6985	1.4165	1.5434	-2.5840	1.2888	-2.6131	-2.6223	1.6370	1.4128	1.5173	1.4521	1.5049	1.3826	1.3977	1.3149	1.3337	1.5687	-3.3198	1.4331	1.3053	1.3576	1.6474	1.4016	-3.4984	1.4167	1.3180	1.2839	-3.6323	1.4530	1.2599	1.2466	1.3266	1.3875	1.2841	1.2962	1.1825	1.1427	1.2014	1.2775	1.1730
Otu00031	-3.8392	-4.5190	-5.5439	-3.1936	-3.7205	-3.1401	-3.4008	-3.3740	-3.3639	-3.4872	-3.4004	-3.0681	-3.2480	-0.2204	-3.4993	-3.2168	-1.6833	-4.1533	2.3171	-3.0410	2.4184	-3.5790	2.1426	-3.2450	2.3462	-1.0528	1.9711	2.9352	2.1085	2.3161	-1.7377	-1.7231	2.1702	2.3627	2.0960	-2.9845	-2.5713	2.0006	1.8282	1.8959	-3.1622	1.8538	2.1203	2.1464	1.9452	1.9418	1.9733	1.8768	1.9869	1.5549	1.8040	-3.1077	-2.8325	1.8851	-1.7803	1.9411	-2.9535	-2.8617	1.8876	1.8888	-3.6478	1.9452	1.8932	1.7932	1.5939	1.7508	1.5809	1.8285	-3.1728	1.8168	1.6512	-3.0458	-2.9143	1.5684	1.4555	-2.7685	1.6360	1.1703	1.4896	-1.0981	1.7169	1.6491	1.5525	1.5421	1.6902	1.6339	1.4875	-3.0279	1.5214	-2.8473	-3.0313	1.6223	1.4252	1.4322	1.5433	1.6096	1.5499	1.4689	1.3594	1.4941	1.2798	-3.0511	1.3628	1.4863	1.3586	1.4541	1.2780	-3.0565	1.3962	1.3219	1.3176	-3.2497	1.4017	1.3353	1.2716	1.3298	1.2701	1.2167	1.2966	1.1836	1.3035	1.2444	1.1960	1.4963
Otu00032	-4.4022	-5.4385	-6.4664	-2.3775	-3.9258	-1.3675	-4.3010	-4.4142	-4.3926	-3.3764	-2.5611	-2.9954	-3.2835	0.8882	-2.0347	-3.9960	-0.7488	-4.9486	2.4350	-3.8532	2.5268	-3.4093	2.1863	-2.3014	2.2314	-0.1836	2.0635	2.1085	3.0612	2.3625	-1.8240	-1.7916	2.0946	2.3216	2.3080	-3.2736	-1.6050	2.2067	1.8815	1.9962	-3.1835	1.8504	2.1042	2.0288	1.9571	2.0279	2.0790	1.9816	1.8827	1.7710	1.8228	-3.8341	-3.8884	1.9128	-1.8346	1.8916	-3.4821	-3.4265	1.8839	1.7538	-2.6091	1.9970	1.9938	1.7825	1.6551	1.6455	1.6044	1.7754	-3.8204	1.9691	1.7437	-3.2557	-3.7755	1.4783	1.5733	-1.8575	1.5846	1.0599	1.5244	-1.8094	1.5154	1.6965	1.6983	1.5403	1.5853	1.6508	1.5919	-3.5334	1.5233	-3.4898	-3.5203	1.5460	1.4893	1.4723	1.5391	1.6500	1.4312	1.4448	1.4164	1.5561	1.2376	-3.0604	1.4244	1.4726	1.6019	1.4737	1.3065	-3.0783	1.4076	1.2845	1.2391	-3.4089	1.4899	1.3256	1.3038	1.3834	1.4314	1.1613	1.3046	1.1465	1.1681	1.1905	1.2921	1.2869
Otu00033	-4.1706	-5.6104	-6.5601	-2.8553	-3.9921	-2.0767	-4.3817	-4.4055	-4.5166	-3.8866	-2.9926	-3.2570	-3.3935	0.5787	-2.6259	-4.1938	-1.1404	-4.9323	2.5332	-3.9373	2.7206	-3.8428	2.3085	-2.6701	2.5228	-0.3517	2.1982	2.3161	2.3625	3.4810	-1.8698	-1.9078	2.4519	2.4556	2.3611	-3.1058	-2.0569	2.3187	1.9575	2.1378	-3.3400	1.8580	2.2500	2.1894	2.0169	2.0565	2.1214	2.0231	2.0111	1.8462	2.1299	-3.6380	-3.7389	2.0857	-1.9074	2.1387	-3.7043	-3.7318	2.0159	1.9484	-3.2096	2.0643	2.1237	1.9056	1.6510	1.8067	1.8491	2.0357	-3.9119	1.9226	1.9912	-3.4076	-3.7458	1.7218	1.6647	-2.2978	1.7215	1.1607	1.5342	-1.6599	1.8298	1.6731	1.8922	1.6461	1.8949	1.8074	1.6535	-3.6166	1.6112	-3.5378	-3.7108	1.6449	1.5193	1.5028	1.7365	1.6209	1.6116	1.6115	1.4308	1.7176	1.3191	-3.3628	1.4673	1.5855	1.5990	1.5879	1.4504	-3.2489	1.3392	1.4525	1.4841	-3.5489	1.5890	1.5433	1.3586	1.4027	1.5410	1.2687	1.2531	1.2749	1.3503	1.3079	1.2647	1.6931
Otu00034	5.8616	3.1588	5.4431	2.7758	4.9022	1.9311	2.7105	2.6150	2.5960	4.4947	2.6008	4.1180	4.3054	-0.4986	2.1708	2.4821	1.4326	3.5451	-2.0705	2.3979	-2.1098	3.9665	-2.1082	2.6072	-1.8772	0.2533	-1.9074	-1.7377	-1.8240	-1.8698	1.8598	1.7523	-1.9995	-1.8300	-1.8181	3.7305	1.6177	-1.7889	-1.6616	-1.6555	3.7857	-1.5843	-1.7681	-1.7136	-1.6451	-1.6755	-1.7041	-1.5712	-1.6296	-1.4399	-1.6711	2.2871	2.3201	-1.6939	1.7356	-1.6452	2.1601	2.1036	-1.5352	-1.5141	2.6531	-1.5565	-1.6208	-1.5224	-1.3913	-1.6612	-1.4625	-1.5251	2.2568	-1.4897	-1.4734	3.6357	2.2096	-1.4877	-1.4283	1.7331	-1.4030	-0.9580	-1.2292	0.6341	-1.3717	-1.3617	-1.3087	-1.3090	-1.3869	-1.2613	-1.3896	2.1642	-1.2463	2.1624	2.2131	-1.3091	-1.2204	-1.2569	-1.3188	-1.3765	-1.2635	-1.1957	-1.1247	-1.2443	-1.3183	3.3579	-1.1272	-1.1421	-1.1868	-1.2331	-1.2046	3.4465	-1.1614	-1.1584	-1.1490	3.5612	-1.1725	-1.0641	-1.2247	-1.0648	-1.1793	-1.0666	-1.1368	-1.0363	-1.1470	-1.0939	-1.1028	-1.2326
Otu00035	5.2755	3.6128	5.3402	2.5798	4.3751	1.9798	3.0274	2.9482	3.0119	4.0363	2.7357	3.5704	3.8860	-0.2958	2.2423	2.7608	1.2800	3.6057	-2.0145	2.6449	-2.1513	3.5986	-2.0420	2.5304	-1.8971	0.4136	-1.8703	-1.7231	-1.7916	-1.9078	1.7523	1.7387	-1.9905	-1.8996	-1.8284	3.3514	1.7208	-1.7521	-1.6923	-1.6713	3.4094	-1.5565	-1.7578	-1.7530	-1.6498	-1.6288	-1.7246	-1.5730	-1.6524	-1.5308	-1.5808	2.5122	2.4335	-1.6485	1.6738	-1.6260	2.3833	2.3595	-1.5710	-1.5139	2.6332	-1.5214	-1.6285	-1.5835	-1.3457	-1.5354	-1.4427	-1.5529	2.4653	-1.5363	-1.5119	3.2965	2.4218	-1.4352	-1.4086	1.8455	-1.3926	-0.9042	-1.2999	0.8406	-1.3459	-1.3055	-1.3843	-1.3001	-1.3996	-1.2412	-1.3564	2.4047	-1.2361	2.2679	2.4630	-1.2710	-1.1873	-1.2328	-1.3533	-1.3489	-1.2823	-1.2346	-1.1039	-1.2272	-1.2583	3.0849	-1.1432	-1.2309	-1.2273	-1.2319	-1.2359	3.1535	-1.1639	-1.1593	-1.1725	3.3152	-1.1713	-1.0961	-1.1883	-1.1251	-1.1350	-1.1144	-1.1386	-1.0787	-1.1491	-1.1019	-1.0647	-1.2722
Otu00036	-4.1633	-5.3221	-6.1666	-2.8964	-3.5753	-2.5308	-4.4201	-4.0991	-4.1768	-3.2304	-3.5609	-2.9451	-3.3114	0.0687	-3.3467	-4.0265	-1.3777	-4.9157	2.3765	-4.0553	2.5238	-3.2684	2.5276	-3.1162	2.4479	-0.9682	2.1194	2.1702	2.0946	2.4519	-1.9995	-1.9905	3.5003	2.2891	2.3634	-3.0995	-2.2519	2.2432	2.1591	2.1592	-3.1075	2.0390	2.2957	2.2614	2.2283	2.1291	2.2705	1.9770	2.0748	1.7484	2.0618	-3.5684	-3.5772	2.1218	-1.8925	2.1281	-3.6716	-3.4357	1.9931	1.9311	-3.4352	2.1250	2.0511	1.9866	1.7011	1.7851	1.8779	1.9623	-3.6149	2.1119	1.8696	-3.2046	-3.6146	1.6129	1.5851	-2.6016	1.6996	1.1002	1.6106	-1.5826	1.6114	1.7005	1.5681	1.5859	1.9669	1.6903	1.6565	-3.3711	1.6662	-3.3740	-3.5736	1.6148	1.4624	1.4566	1.7597	1.8207	1.6370	1.5697	1.4985	1.5194	1.5779	-3.2210	1.3768	1.4182	1.6268	1.5661	1.3856	-3.1240	1.4384	1.4293	1.3786	-3.4644	1.6242	1.4002	1.5190	1.3590	1.4705	1.3910	1.4087	1.3296	1.3925	1.3822	1.2874	1.4900
Otu00037	-3.9900	-5.1765	-6.0929	-2.9164	-3.5220	-3.2794	-4.3709	-4.0978	-4.0965	-3.2367	-3.9178	-2.7554	-3.1282	-0.4077	-3.2567	-3.7783	-1.3748	-4.7122	2.3187	-3.8496	2.5182	-3.2078	2.3511	-3.0904	2.5261	-1.0404	2.2049	2.3627	2.3216	2.4556	-1.8300	-1.8996	2.2891	3.2947	2.1630	-2.8872	-2.6322	2.1108	1.9601	2.0355	-3.1711	1.7994	2.1838	2.3654	2.1694	2.1588	2.1683	2.1053	2.0443	1.7910	1.9491	-3.4717	-3.4843	2.1782	-1.8437	2.1101	-3.5779	-3.5231	2.0458	1.9206	-3.5684	2.0764	2.0636	2.0290	1.6784	1.5996	1.8825	1.9526	-3.6848	1.9207	1.7815	-3.1336	-3.4240	1.7724	1.7259	-2.8815	1.7192	1.0138	1.5375	-1.6596	1.6365	1.7704	1.7226	1.6676	1.8598	1.7883	1.6118	-3.3567	1.4767	-3.3472	-3.2310	1.8223	1.4408	1.4279	1.7198	1.8428	1.5708	1.4236	1.4118	1.5149	1.4513	-2.9761	1.4931	1.5171	1.5556	1.5909	1.2618	-3.0938	1.5189	1.4827	1.3334	-3.4426	1.5770	1.4205	1.5103	1.2837	1.5108	1.4462	1.3760	1.3169	1.4073	1.3430	1.3094	1.4830
Otu00038	-4.4563	-4.7592	-7.2399	-2.3038	-4.0100	-1.2959	-4.3694	-4.1685	-4.3007	-3.4840	-2.2917	-3.4839	-3.6032	1.3919	-1.8069	-4.2083	-0.7072	-5.3351	2.1144	-4.1199	2.4634	-3.6860	2.1603	-2.1267	2.3809	-0.0448	2.0867	2.0960	2.3080	2.3611	-1.8181	-1.8284	2.3634	2.1630	3.6483	-3.1697	-1.4159	2.0786	2.2108	2.0128	-3.4204	1.7767	2.2661	2.1594	2.0151	2.1379	2.1071	1.7700	2.0333	2.0375	1.8416	-3.7530	-3.6271	1.7631	-1.7577	2.0459	-3.8508	-3.3425	1.9782	1.8731	-2.4234	1.9472	1.9770	1.8710	1.6598	1.8040	1.7044	1.8359	-3.9371	1.7759	1.7933	-3.5620	-3.6136	1.6928	1.8511	-1.8659	1.6515	0.8793	1.6417	-1.9770	1.6207	1.5616	1.4489	1.4890	1.7786	1.7180	1.4857	-3.5271	1.3921	-3.3590	-3.6197	1.5286	1.4887	1.5205	1.5647	1.6433	1.4519	1.4867	1.3966	1.7226	1.4847	-3.4547	1.3206	1.4451	1.4115	1.4996	1.3332	-3.3587	1.5467	1.4500	1.3555	-3.2583	1.4885	1.2286	1.2358	1.4547	1.3729	1.4221	1.5289	1.2930	1.2254	1.2746	1.3302	1.4890
Otu00039	17.9338	-0.3391	10.9051	7.3716	14.9305	1.3467	0.9719	0.3034	0.5384	13.5905	1.5047	12.6975	13.0030	-2.9177	2.8490	0.5340	4.8666	5.2390	-4.5376	0.4544	-3.7187	11.9530	-3.6282	6.0858	-3.0386	-0.9456	-3.3395	-2.9845	-3.2736	-3.1058	3.7305	3.3514	-3.0995	-2.8872	-3.1697	12.1406	2.2245	-3.2211	-3.2027	-2.9728	11.0284	-2.8073	-3.0564	-3.0126	-2.4881	-2.8833	-2.8400	-2.8659	-2.6333	-2.7888	-2.6069	1.1317	1.1552	-2.9928	3.4359	-2.7310	1.0920	0.7779	-2.6218	-2.5732	4.8087	-2.5252	-2.6894	-2.3783	-2.5347	-2.9276	-2.3058	-2.3523	1.1162	-2.5364	-2.4494	10.4861	1.5551	-2.4683	-2.6963	1.4651	-2.4202	-2.4772	-1.9540	-1.2330	-2.4519	-2.1990	-2.3038	-2.1154	-2.2948	-2.0108	-2.1510	1.4598	-1.9303	1.2643	1.4958	-2.3032	-2.0760	-2.1458	-1.9692	-1.8671	-1.9781	-1.7737	-2.0810	-2.0119	-2.4059	9.3775	-1.8306	-1.8085	-1.8390	-1.9704	-2.2699	9.8648	-2.1600	-1.9438	-1.6519	9.9104	-1.7749	-1.5211	-1.7132	-1.7795	-1.8924	-1.5693	-1.9730	-1.9265	-1.7647	-1.5324	-1.7876	-2.1906
Otu00040	2.6600	3.0624	0.6360	7.8802	2.6982	13.0052	0.8783	0.7906	0.8081	2.7071	10.9293	1.9978	2.4787	8.4174	12.0575	1.1250	5.9021	0.6421	-1.8977	0.6816	-2.4731	2.8553	-2.6405	9.3876	-2.5873	7.8820	-2.3121	-2.5713	-1.6050	-2.0569	1.6177	1.7208	-2.2519	-2.6322	-1.4159	2.2245	10.4177	-2.2214	-1.6105	-2.1300	2.4082	-2.5767	-2.4080	-2.2620	-2.5821	-1.9486	-2.1831	-2.1531	-2.3102	-1.2323	-1.4643	0.8791	1.1574	-2.3821	1.4766	-2.3202	0.7015	0.8533	-2.3151	-1.8617	9.4309	-2.2150	-2.0759	-1.7468	-1.9638	-1.2413	-2.2696	-2.1487	1.1351	-1.8355	-1.6603	2.8904	0.8645	-2.2003	-1.3762	9.4043	-1.8401	-1.7982	-1.5928	-1.5296	-1.7546	-1.8089	-1.2445	-1.8581	-2.1072	-1.9331	-2.0523	1.2221	-1.6014	0.6750	0.8143	-1.9534	-1.4745	-1.5090	-1.5702	-1.8146	-1.5827	-1.3490	-1.5403	-1.3553	-1.3979	2.6403	-1.5978	-1.4527	-1.4983	-1.4691	-2.0841	3.2275	-1.2481	-1.6526	-1.2690	4.1256	-1.7652	-1.4262	-1.8633	-1.2721	-1.5653	-1.4479	-1.6295	-1.5099	-1.3992	-1.0528	-1.5781	-1.8823
Otu00041	-4.8534	-4.3882	-5.9869	-2.6855	-3.9528	-2.2539	-3.7051	-3.7665	-3.6585	-3.7475	-3.1537	-3.2439	-3.6720	0.5216	-2.9148	-3.4903	-1.1703	-4.4657	2.3438	-3.5042	2.4885	-3.5374	2.0693	-2.5427	2.2623	-0.4636	2.0683	2.0006	2.2067	2.3187	-1.7889	-1.7521	2.2432	2.1108	2.0786	-3.2211	-2.2214	3.0482	1.7255	1.9126	-3.3411	1.6743	2.1384	2.0066	1.9133	1.8419	1.9675	1.8748	1.8170	1.6858	1.8487	-3.2200	-3.0928	1.8927	-1.7689	2.0072	-3.1294	-3.0517	1.8342	1.8109	-3.1137	1.9285	1.9398	1.8523	1.6082	1.5896	1.6357	1.9366	-3.2018	1.7827	1.7823	-3.3992	-3.1908	1.5333	1.4067	-2.2433	1.5696	1.0951	1.4482	-1.4283	1.5102	1.5749	1.8161	1.5632	1.7670	1.4380	1.3852	-3.0205	1.3658	-3.0161	-3.1921	1.5097	1.3493	1.4877	1.6507	1.6472	1.4525	1.3882	1.3816	1.4942	1.3853	-3.2681	1.3290	1.3049	1.4545	1.3294	1.3229	-3.1384	1.3604	1.3688	1.3012	-3.5372	1.4831	1.2477	1.2329	1.3731	1.2778	1.1936	1.3653	1.1272	1.1224	1.3257	1.2784	1.4745
Otu00042	-4.7281	-3.4490	-5.7640	-2.6741	-3.9002	-1.7669	-3.0648	-2.7654	-2.9720	-3.7167	-2.1426	-3.3981	-3.6792	0.6252	-1.9972	-3.0150	-1.3067	-4.0750	1.8140	-2.7818	2.0296	-3.5086	1.9400	-2.3440	2.1299	-0.3375	1.6639	1.8282	1.8815	1.9575	-1.6616	-1.6923	2.1591	1.9601	2.2108	-3.2027	-1.6105	1.7255	2.6846	1.6929	-3.1731	1.5570	1.9539	1.8574	1.8457	1.9368	1.7534	1.6148	1.7645	1.5766	1.6782	-2.6544	-2.6421	1.7998	-1.6380	1.8269	-2.6946	-2.3420	1.7297	1.7269	-2.7681	1.7302	1.6892	1.7051	1.4802	1.3873	1.5906	1.5541	-2.8973	1.4180	1.4582	-3.2295	-2.5981	1.3855	1.6283	-1.7136	1.4057	0.9937	1.2954	-0.8916	1.5863	1.3936	1.1994	1.3363	1.5310	1.3341	1.2066	-2.6084	1.3543	-2.7556	-2.5913	1.3898	1.3688	1.2423	1.3786	1.3254	1.3904	1.2308	1.2874	1.3359	1.2578	-2.9880	1.2576	1.1621	1.2458	1.3862	1.1323	-3.0530	1.1628	1.1215	1.1503	-3.3445	1.2446	1.0645	1.0314	1.1798	1.0948	1.0230	1.2779	1.1090	1.1167	1.0410	1.1723	1.4321
Otu00043	-3.9514	-4.5273	-5.3698	-2.8091	-3.6170	-2.3266	-3.4403	-3.6283	-3.8060	-3.2234	-3.0191	-2.9415	-3.3385	0.1164	-2.8604	-3.4483	-1.3097	-4.0350	2.0236	-3.1145	2.4382	-2.9613	2.2091	-2.8421	2.3283	-1.0148	1.9452	1.8959	1.9962	2.1378	-1.6555	-1.6713	2.1592	2.0355	2.0128	-2.9728	-2.1300	1.9126	1.6929	2.8226	-2.7988	1.6102	1.9475	1.9992	1.8077	1.9440	1.8927	1.7457	1.8083	1.5077	1.7895	-3.0192	-3.0203	1.7418	-1.6353	1.9354	-2.9882	-3.0589	1.7938	1.7025	-3.2731	1.9621	1.8672	1.8208	1.6242	1.6623	1.5113	1.7593	-3.1462	1.8566	1.6416	-3.2394	-2.9354	1.4806	1.4569	-2.3246	1.4950	0.9620	1.5433	-1.2884	1.5507	1.4067	1.4268	1.4099	1.6256	1.4835	1.4471	-3.0059	1.5056	-2.8820	-3.0241	1.4553	1.4209	1.4108	1.3515	1.5808	1.4684	1.4355	1.3634	1.5106	1.3380	-2.9754	1.2161	1.3818	1.2917	1.5038	1.2530	-3.0009	1.3916	1.3116	1.3893	-3.2961	1.4853	1.2172	1.1687	1.3016	1.3181	1.1326	1.2149	1.2355	1.1457	1.0886	1.2112	1.3364
